Shapley-Shubik:
fml: ./../bench_mus_mcs/mse24-exact-unweighted/CircuitTraceCompaction-sudoku.wcnf_mus_3600; mode: 2; seed: 1;
iterations completed: 960365; time: 60.761350870132446;
low: {1: 3.123812300531569e-06, 2: 1.0412707668438563e-06, 3: 2.0825415336877126e-06, 4: 5.2063538342192814e-06, 5: 3.123812300531569e-06, 6: 3.123812300531569e-06, 7: 0.0, 8: 0.0, 9: 6.247624601063138e-06, 10: 0.0, 11: 4.165083067375425e-06, 12: 4.165083067375425e-06, 13: 0.0, 14: 0.0, 15: 0.0, 16: 0.0, 17: 4.165083067375425e-06, 18: 1.0412707668438563e-06, 19: 3.123812300531569e-06, 20: 0.0}
up: {1: 0.5084150297022486, 2: 0.5102622440426297, 3: 0.514947962493427, 4: 0.5129268559349831, 5: 0.4999193015155696, 6: 0.4872501600953804, 7: 0.4753880035194952, 8: 0.4242387009105913, 9: 0.4998078855435173, 10: 0.41079485403987026, 11: 0.48495519932525655, 12: 0.48507390419267676, 13: 0.41602723964326066, 14: 0.419459268090778, 15: 0.4199851098280341, 16: 0.41999656380646944, 17: 0.4714728254361623, 18: 0.46871762298709346, 19: 0.46627271922654406, 20: 0.3956714374222301}
conservative: {1: 0.08985021320018952, 2: 0.09333118137374852, 3: 0.10363559688243533, 4: 0.09983495858345524, 5: 0.07154675566060821, 6: 0.04360008954928595, 7: 0.022669505864957595, 8: 0.06429430476954075, 9: 0.0703263863218672, 10: 0.03447647509020008, 11: 0.03863010417914022, 12: 0.04108542064735803, 13: 0.04397911210841711, 14: 0.053470295148198864, 15: 0.05360253653558803, 16: 0.055002004446226174, 17: 0.013370957917041957, 18: 0.005533312855008252, 19: 0.001760788866732961, 20: 0.0}
uniform: {1: 0.05721857834647155, 2: 0.0576424986194056, 3: 0.05854033824186057, 4: 0.058150081736172414, 5: 0.0552641976127375, 6: 0.05240944534119514, 7: 0.04993238264847045, 8: 0.04577743217780049, 9: 0.05509751577864627, 10: 0.0430477032668613, 11: 0.05187441278862673, 12: 0.051992525051156285, 13: 0.04402835464254285, 14: 0.04479015528199192, 15: 0.04483710934374622, 16: 0.04495618698066896, 17: 0.048942938267635946, 18: 0.048161133497969515, 19: 0.04763078545024427, 20: 0.03970622492263786}
exponential: {1: 0.07003847329972439, 2: 0.07178817356092336, 3: 0.07704685826230331, 4: 0.07502139254076537, 5: 0.06088359496903683, 6: 0.046968793045413855, 7: 0.03625464459833935, 8: 0.05701346421836536, 9: 0.06019526440877226, 10: 0.042032925964518734, 11: 0.044443703665099504, 12: 0.045587504521371204, 13: 0.04692420942532304, 14: 0.05150668728379031, 15: 0.0515898609086453, 16: 0.05227641979804471, 17: 0.03164683032490431, 18: 0.027914911448974376, 19: 0.0258772235605242, 20: 0.02498906419517343}
