Shapley-Shubik:
fml: ./../bench_mus_mcs/mse24-exact-unweighted/planning-bnn-cellda_y_9.wcnf_mus_3600; mode: 2; seed: 1;
iterations completed: 960365; time: 69.08268570899963;
low: {1: 0.0, 2: 0.0, 3: 0.0, 4: 0.0, 5: 0.0, 6: 0.0, 7: 0.0, 8: 0.0, 9: 0.0, 10: 0.2860974733564843, 11: 0.0, 12: 0.0, 13: 0.0, 14: 0.11903599152405596, 15: 0.0, 16: 0.0, 17: 0.0, 18: 0.11846849895612606, 19: 0.0, 20: 0.0, 21: 0.07140722537785113, 22: 0.04766416935227752, 23: 0.0, 24: 0.0, 25: 0.11881836593378559, 26: 0.0, 27: 0.0, 28: 0.0, 29: 0.1188922961582315, 30: 0.0, 31: 0.0, 32: 0.0, 33: 0.11961597934118799, 34: 0.0, 35: 0.0, 36: 0.0}
up: {1: 0.0, 2: 0.0, 3: 0.0, 4: 0.0, 5: 0.0, 6: 0.0, 7: 0.0, 8: 0.0, 9: 0.0, 10: 0.2860974733564843, 11: 0.0, 12: 0.0, 13: 0.0, 14: 0.11903599152405596, 15: 0.0, 16: 0.0, 17: 0.0, 18: 0.11846849895612606, 19: 0.0, 20: 0.0, 21: 0.07140722537785113, 22: 0.04766416935227752, 23: 0.0, 24: 0.0, 25: 0.11881836593378559, 26: 0.0, 27: 0.0, 28: 0.0, 29: 0.1188922961582315, 30: 0.0, 31: 0.0, 32: 0.0, 33: 0.11961597934118799, 34: 0.0, 35: 0.0, 36: 0.0}
conservative: {1: 0.0, 2: 0.0, 3: 0.0, 4: 0.0, 5: 0.0, 6: 0.0, 7: 0.0, 8: 0.0, 9: 0.0, 10: 0.2860974733564843, 11: 0.0, 12: 0.0, 13: 0.0, 14: 0.11903599152405596, 15: 0.0, 16: 0.0, 17: 0.0, 18: 0.11846849895612606, 19: 0.0, 20: 0.0, 21: 0.07140722537785113, 22: 0.04766416935227752, 23: 0.0, 24: 0.0, 25: 0.11881836593378559, 26: 0.0, 27: 0.0, 28: 0.0, 29: 0.1188922961582315, 30: 0.0, 31: 0.0, 32: 0.0, 33: 0.11961597934118799, 34: 0.0, 35: 0.0, 36: 0.0}
uniform: {1: 0.0, 2: 0.0, 3: 0.0, 4: 0.0, 5: 0.0, 6: 0.0, 7: 0.0, 8: 0.0, 9: 0.0, 10: 0.2860974733564843, 11: 0.0, 12: 0.0, 13: 0.0, 14: 0.11903599152405596, 15: 0.0, 16: 0.0, 17: 0.0, 18: 0.11846849895612606, 19: 0.0, 20: 0.0, 21: 0.07140722537785113, 22: 0.04766416935227752, 23: 0.0, 24: 0.0, 25: 0.11881836593378559, 26: 0.0, 27: 0.0, 28: 0.0, 29: 0.1188922961582315, 30: 0.0, 31: 0.0, 32: 0.0, 33: 0.11961597934118799, 34: 0.0, 35: 0.0, 36: 0.0}
exponential: {1: 0.0, 2: 0.0, 3: 0.0, 4: 0.0, 5: 0.0, 6: 0.0, 7: 0.0, 8: 0.0, 9: 0.0, 10: 0.2860974733564843, 11: 0.0, 12: 0.0, 13: 0.0, 14: 0.11903599152405596, 15: 0.0, 16: 0.0, 17: 0.0, 18: 0.11846849895612606, 19: 0.0, 20: 0.0, 21: 0.07140722537785113, 22: 0.04766416935227752, 23: 0.0, 24: 0.0, 25: 0.11881836593378559, 26: 0.0, 27: 0.0, 28: 0.0, 29: 0.1188922961582315, 30: 0.0, 31: 0.0, 32: 0.0, 33: 0.11961597934118799, 34: 0.0, 35: 0.0, 36: 0.0}
