Shapley-Shubik:
fml: ./../bench_mus_mcs/mse24-exact-unweighted/planning-bnn-navigation_3x3_5.wcnf_mus_3600; mode: 2; seed: 1;
iterations completed: 960365; time: 11.276536703109741;
low: {1: 0.0, 2: 0.0, 3: 0.0, 4: 0.19935961847839104, 5: 0.15011896518511192, 6: 0.0, 7: 0.0, 8: 0.05007471117752105, 9: 0.20015306680272604, 10: 0.0, 11: 0.0, 12: 0.0, 13: 0.150918661134048, 14: 0.0, 15: 0.04985396177495015, 16: 0.0, 17: 0.0, 18: 0.0, 19: 0.19952101544725181, 20: 0.0}
up: {1: 0.0, 2: 0.0, 3: 0.0, 4: 0.19935961847839104, 5: 0.15011896518511192, 6: 0.0, 7: 0.0, 8: 0.05007471117752105, 9: 0.20015306680272604, 10: 0.0, 11: 0.0, 12: 0.0, 13: 0.150918661134048, 14: 0.0, 15: 0.04985396177495015, 16: 0.0, 17: 0.0, 18: 0.0, 19: 0.19952101544725181, 20: 0.0}
conservative: {1: 0.0, 2: 0.0, 3: 0.0, 4: 0.19935961847839104, 5: 0.15011896518511192, 6: 0.0, 7: 0.0, 8: 0.05007471117752105, 9: 0.20015306680272604, 10: 0.0, 11: 0.0, 12: 0.0, 13: 0.150918661134048, 14: 0.0, 15: 0.04985396177495015, 16: 0.0, 17: 0.0, 18: 0.0, 19: 0.19952101544725181, 20: 0.0}
uniform: {1: 0.0, 2: 0.0, 3: 0.0, 4: 0.19935961847839104, 5: 0.15011896518511192, 6: 0.0, 7: 0.0, 8: 0.05007471117752105, 9: 0.20015306680272604, 10: 0.0, 11: 0.0, 12: 0.0, 13: 0.150918661134048, 14: 0.0, 15: 0.04985396177495015, 16: 0.0, 17: 0.0, 18: 0.0, 19: 0.19952101544725181, 20: 0.0}
exponential: {1: 0.0, 2: 0.0, 3: 0.0, 4: 0.19935961847839104, 5: 0.15011896518511192, 6: 0.0, 7: 0.0, 8: 0.05007471117752105, 9: 0.20015306680272604, 10: 0.0, 11: 0.0, 12: 0.0, 13: 0.150918661134048, 14: 0.0, 15: 0.04985396177495015, 16: 0.0, 17: 0.0, 18: 0.0, 19: 0.19952101544725181, 20: 0.0}
