Shapley-Shubik:
fml: ./../bench_mus_mcs/mse24-exact-unweighted/planning-bnn-sysadmin_4_4.wcnf_mus_3600; mode: 2; seed: 1;
iterations completed: 960365; time: 26.59155774116516;
low: {1: 0.0008132324689050517, 2: 0.0, 3: 0.0, 4: 0.0, 5: 0.0, 6: 0.0, 7: 0.0007611689305628589, 8: 0.00028739073164890433, 9: 0.0, 10: 0.000818438822739271, 11: 0.0, 12: 0.0, 13: 0.0, 14: 0.0, 15: 0.0, 16: 0.0002499049840425255}
up: {1: 0.771418158720903, 2: 0.6020044462261744, 3: 0.6017722428451683, 4: 0.6025552784618349, 5: 0.7222680959843393, 6: 0.690587432903115, 7: 0.797038625939096, 8: 0.8076679179270382, 9: 0.8337840300302489, 10: 0.7901641563363929, 11: 0.6903416930021398, 12: 0.679937315499836, 13: 0.6345701894592161, 14: 0.6159845475418201, 15: 0.6150546927470285, 16: 0.7792172767645634}
conservative: {1: 0.005179280794281341, 2: 0.0, 3: 0.0, 4: 0.0, 5: 0.15919884627199032, 6: 0.1181561177260729, 7: 0.03984006081021278, 8: 0.05184591275192245, 9: 0.28445955444023885, 10: 0.029357588000395684, 11: 0.1173918249832095, 12: 0.10376054937445658, 13: 0.04198091350684375, 14: 0.01741317103392981, 15: 0.017255939148136386, 16: 0.0141602411583096}
uniform: {1: 0.07041917367773792, 2: 0.05087810865374235, 3: 0.05085841028195847, 4: 0.050933452544633336, 5: 0.065424283183212, 6: 0.06185890961458136, 7: 0.0742174189148364, 8: 0.07490125867634921, 9: 0.07492639724869045, 10: 0.07310958032853222, 11: 0.061837940268903144, 12: 0.06047882715993395, 13: 0.05477271463810549, 14: 0.05244949045756479, 15: 0.052382851766626604, 16: 0.07055118258227322}
exponential: {1: 0.034414023820303626, 2: 0.030957603125068265, 3: 0.03092698958971189, 4: 0.03100379508869721, 5: 0.11050922965386276, 6: 0.09017322271791517, 7: 0.0518830579121154, 8: 0.05771595573067789, 9: 0.1732217807054995, 10: 0.0466479723454396, 11: 0.08965333778708405, 12: 0.08312385032752521, 13: 0.05192745288818805, 14: 0.03972489715586551, 15: 0.03952447935656693, 16: 0.03859235179565592}
