Shapley-Shubik:
fml: ./../bench_mus_mcs/mse24-exact-unweighted/planning-bnn-navigation_3x3_6.wcnf_mus_3600; mode: 2; seed: 1;
iterations completed: 960365; time: 13.261496782302856;
low: {1: 0.0, 2: 0.0, 3: 0.0, 4: 0.16727494233963128, 5: 0.09967772669766183, 6: 0.0, 7: 0.0, 8: 0.06666840211794474, 9: 0.15054692747028472, 10: 0.0, 11: 0.0, 12: 0.016603062377325287, 13: 0.14962644411239476, 14: 0.0, 15: 0.01655204010974994, 16: 0.0, 17: 0.10026396213939492, 18: 0.0, 19: 0.06678814825613179, 20: 0.0, 21: 0.0, 22: 0.0, 23: 0.16599834437948072, 24: 0.0}
up: {1: 0.0, 2: 0.0, 3: 0.0, 4: 0.16727494233963128, 5: 0.09967772669766183, 6: 0.0, 7: 0.0, 8: 0.06666840211794474, 9: 0.15054692747028472, 10: 0.0, 11: 0.0, 12: 0.016603062377325287, 13: 0.14962644411239476, 14: 0.0, 15: 0.01655204010974994, 16: 0.0, 17: 0.10026396213939492, 18: 0.0, 19: 0.06678814825613179, 20: 0.0, 21: 0.0, 22: 0.0, 23: 0.16599834437948072, 24: 0.0}
conservative: {1: 0.0, 2: 0.0, 3: 0.0, 4: 0.16727494233963128, 5: 0.09967772669766183, 6: 0.0, 7: 0.0, 8: 0.06666840211794474, 9: 0.15054692747028472, 10: 0.0, 11: 0.0, 12: 0.016603062377325287, 13: 0.14962644411239476, 14: 0.0, 15: 0.01655204010974994, 16: 0.0, 17: 0.10026396213939492, 18: 0.0, 19: 0.06678814825613179, 20: 0.0, 21: 0.0, 22: 0.0, 23: 0.16599834437948072, 24: 0.0}
uniform: {1: 0.0, 2: 0.0, 3: 0.0, 4: 0.16727494233963128, 5: 0.09967772669766183, 6: 0.0, 7: 0.0, 8: 0.06666840211794474, 9: 0.15054692747028472, 10: 0.0, 11: 0.0, 12: 0.016603062377325287, 13: 0.14962644411239476, 14: 0.0, 15: 0.01655204010974994, 16: 0.0, 17: 0.10026396213939492, 18: 0.0, 19: 0.06678814825613179, 20: 0.0, 21: 0.0, 22: 0.0, 23: 0.16599834437948072, 24: 0.0}
exponential: {1: 0.0, 2: 0.0, 3: 0.0, 4: 0.16727494233963128, 5: 0.09967772669766183, 6: 0.0, 7: 0.0, 8: 0.06666840211794474, 9: 0.15054692747028472, 10: 0.0, 11: 0.0, 12: 0.016603062377325287, 13: 0.14962644411239476, 14: 0.0, 15: 0.01655204010974994, 16: 0.0, 17: 0.10026396213939492, 18: 0.0, 19: 0.06678814825613179, 20: 0.0, 21: 0.0, 22: 0.0, 23: 0.16599834437948072, 24: 0.0}
