Shapley-Shubik:
fml: ./../bench_mus_mcs/mse24-exact-unweighted/planning-bnn-sysadmin_4_3.wcnf_mus_3600; mode: 2; seed: 1;
iterations completed: 960365; time: 17.75999641418457;
low: {1: 0.048337871538425496, 2: 0.02518000968381813, 3: 0.015781499742285484, 4: 0.024168935769212748, 5: 0.04312422880883831, 6: 0.0, 7: 0.05627860240637674, 8: 0.051075372384457994, 9: 0.03945895570954793, 10: 0.07888875583762424, 11: 0.012671223961722886, 12: 0.018860537399842767}
up: {1: 0.2078751308096401, 2: 0.2304884080531881, 3: 0.15067604504537338, 4: 0.21095937482103158, 5: 0.20574989717451178, 6: 0.20834474392548666, 7: 0.2276363674228028, 8: 0.2297449407256616, 9: 0.19798618233692397, 10: 0.25313500596127514, 11: 0.14829465880160148, 12: 0.2144663747637617}
conservative: {1: 0.08019034429617905, 2: 0.13913147605337553, 3: 0.03151093594622878, 4: 0.10572022095765672, 5: 0.05999385650247562, 6: 0.13928766666840212, 7: 0.07618769946843128, 8: 0.07343457956089612, 9: 0.06078313974374326, 10: 0.08766042077751689, 11: 0.03210862536639715, 12: 0.11399103465869748}
uniform: {1: 0.09328547082662123, 2: 0.0850383398374836, 3: 0.04941364307665668, 4: 0.07677243126554172, 5: 0.0891031832390428, 6: 0.06133763130236633, 7: 0.10612428855785289, 8: 0.10446096511411121, 9: 0.0838608150719889, 10: 0.13121767567031434, 11: 0.046632593560023895, 12: 0.07275296247726364}
exponential: {1: 0.08841887673469788, 2: 0.10654359465415857, 3: 0.04483518224975075, 4: 0.08880223426417408, 5: 0.07674096762148512, 6: 0.09260172715341215, 7: 0.09264666833402747, 8: 0.08982305854455577, 9: 0.07478504519526522, 10: 0.11126321558606117, 11: 0.04354305425747224, 12: 0.08999637540504654}
