Shapley-Shubik:
fml: ./../bench_mus_mcs/mse24-exact-unweighted/planning-bnn-navigation_4x4_7.wcnf_mus_3600; mode: 2; seed: 1;
iterations completed: 960365; time: 20.821505784988403;
low: {1: 0.0, 2: 0.0, 3: 0.0, 4: 0.14266450776527675, 5: 0.0, 6: 0.09539289749209935, 7: 0.0, 8: 0.04740593420210024, 9: 0.0, 10: 0.1333774137957964, 11: 0.0, 12: 0.00952866878738813, 13: 0.0, 14: 0.1431309970688228, 15: 0.0, 16: 0.0, 17: 0.0, 18: 0.13339095031576537, 19: 0.009552618015025537, 20: 0.0, 21: 0.0, 22: 0.09546578644577842, 23: 0.04744237867893978, 24: 0.0, 25: 0.0, 26: 0.0, 27: 0.14264784743300724, 28: 0.0}
up: {1: 0.0, 2: 0.0, 3: 0.0, 4: 0.14266450776527675, 5: 0.0, 6: 0.09539289749209935, 7: 0.0, 8: 0.04740593420210024, 9: 0.0, 10: 0.1333774137957964, 11: 0.0, 12: 0.00952866878738813, 13: 0.0, 14: 0.1431309970688228, 15: 0.0, 16: 0.0, 17: 0.0, 18: 0.13339095031576537, 19: 0.009552618015025537, 20: 0.0, 21: 0.0, 22: 0.09546578644577842, 23: 0.04744237867893978, 24: 0.0, 25: 0.0, 26: 0.0, 27: 0.14264784743300724, 28: 0.0}
conservative: {1: 0.0, 2: 0.0, 3: 0.0, 4: 0.14266450776527675, 5: 0.0, 6: 0.09539289749209935, 7: 0.0, 8: 0.04740593420210024, 9: 0.0, 10: 0.1333774137957964, 11: 0.0, 12: 0.00952866878738813, 13: 0.0, 14: 0.1431309970688228, 15: 0.0, 16: 0.0, 17: 0.0, 18: 0.13339095031576537, 19: 0.009552618015025537, 20: 0.0, 21: 0.0, 22: 0.09546578644577842, 23: 0.04744237867893978, 24: 0.0, 25: 0.0, 26: 0.0, 27: 0.14264784743300724, 28: 0.0}
uniform: {1: 0.0, 2: 0.0, 3: 0.0, 4: 0.14266450776527675, 5: 0.0, 6: 0.09539289749209935, 7: 0.0, 8: 0.04740593420210024, 9: 0.0, 10: 0.1333774137957964, 11: 0.0, 12: 0.00952866878738813, 13: 0.0, 14: 0.1431309970688228, 15: 0.0, 16: 0.0, 17: 0.0, 18: 0.13339095031576537, 19: 0.009552618015025537, 20: 0.0, 21: 0.0, 22: 0.09546578644577842, 23: 0.04744237867893978, 24: 0.0, 25: 0.0, 26: 0.0, 27: 0.14264784743300724, 28: 0.0}
exponential: {1: 0.0, 2: 0.0, 3: 0.0, 4: 0.14266450776527675, 5: 0.0, 6: 0.09539289749209935, 7: 0.0, 8: 0.04740593420210024, 9: 0.0, 10: 0.1333774137957964, 11: 0.0, 12: 0.00952866878738813, 13: 0.0, 14: 0.1431309970688228, 15: 0.0, 16: 0.0, 17: 0.0, 18: 0.13339095031576537, 19: 0.009552618015025537, 20: 0.0, 21: 0.0, 22: 0.09546578644577842, 23: 0.04744237867893978, 24: 0.0, 25: 0.0, 26: 0.0, 27: 0.14264784743300724, 28: 0.0}
