Shapley-Shubik:
fml: ./../bench_pct/mse24-exact-unweighted/CircuitTraceCompaction-ctrl.wcnf_mus_5; mode: 2; seed: 1;
iterations completed: 960365; time: 29.572431564331055;
low: {1: 1.66603322695017e-05, 2: 2.0825415336877126e-05, 3: 1.66603322695017e-05, 4: 1.66603322695017e-05, 5: 2.290795687056484e-05, 6: 1.4577790735813988e-05, 7: 1.2495249202126275e-05, 8: 1.4577790735813988e-05, 9: 1.2495249202126275e-05, 10: 1.66603322695017e-05, 11: 0.0, 12: 0.0, 13: 1.5619061502657843e-05, 14: 1.5619061502657843e-05, 15: 0.0, 16: 0.0, 17: 9.371436901594707e-06, 18: 2.0825415336877126e-05, 19: 1.8742873803189413e-05, 20: 0.0}
up: {1: 0.42066922472185053, 2: 0.4223383817611012, 3: 0.42539451146178797, 4: 0.4053156872647379, 5: 0.41130299417409005, 6: 0.42255913116367216, 7: 0.41239008085467505, 8: 0.40987228814044663, 9: 0.39230292649149023, 10: 0.38982886714946924, 11: 0.34590598366246167, 12: 0.3413077319560792, 13: 0.4017826555528367, 14: 0.4040484607414889, 15: 0.34488762085248836, 16: 0.34465750001301587, 17: 0.38548260296866294, 18: 0.38496300885600787, 19: 0.3844902719278608, 20: 0.32276998849395805}
conservative: {1: 0.0927584824519844, 2: 0.09575630098972786, 3: 0.10584517344967799, 4: 0.05564655105090252, 5: 0.06752536795905724, 6: 0.0950898876989478, 7: 0.07139577139941584, 8: 0.06670484659478428, 9: 0.019424906155472137, 10: 0.011929839175730062, 11: 0.0592264399473117, 12: 0.04954053927413015, 13: 0.042032977045185944, 14: 0.04977170138436948, 15: 0.05754687020039256, 16: 0.0572178286380699, 17: 0.0023241163515954873, 18: 0.0002259557564051168, 19: 3.644447683953497e-05, 20: 0.0}
uniform: {1: 0.057768503168794845, 2: 0.0579785162046308, 3: 0.05912670314026657, 4: 0.052845191671462864, 5: 0.05455220458388914, 6: 0.05800561104606646, 7: 0.054921099915061035, 8: 0.054320318669686465, 9: 0.04837049176937587, 10: 0.04737199745800441, 11: 0.04439863613006919, 12: 0.043198419183293084, 13: 0.05129417286295319, 14: 0.05227626574965457, 15: 0.044127725421176045, 16: 0.04406542101258033, 17: 0.046045046055174454, 18: 0.04584934894648193, 19: 0.045766364387855425, 20: 0.03771796262054874}
exponential: {1: 0.07166060757115701, 2: 0.07314101321487654, 3: 0.0782768414949954, 4: 0.05282616845974921, 5: 0.059096421185526146, 6: 0.07284049902022528, 7: 0.06086489584013198, 8: 0.058503034888947474, 9: 0.034634298070994406, 10: 0.03095643065598066, 11: 0.054207554912526275, 12: 0.04928623022714037, 13: 0.046162920122707146, 14: 0.05016890232025353, 15: 0.05330644680222933, 16: 0.053081301709529675, 17: 0.02611386054469508, 18: 0.025139032141267045, 19: 0.025072017875166885, 20: 0.024661522941920717}
