Shapley-Shubik:
fml: ./../bench_pct/mse24-exact-unweighted/CircuitTraceCompaction-ctrl.wcnf_mus_50; mode: 2; seed: 1;
iterations completed: 960365; time: 46.16039824485779;
low: {1: 0.0004456638882091705, 2: 0.0004123432236701671, 3: 0.0004352511805407319, 4: 0.000507098863452958, 5: 0.00063725770930844, 6: 0.0005508322356604, 7: 0.0006570418538784733, 8: 0.0005372957156914299, 9: 0.0005195941126550842, 10: 0.0005133464880540212, 11: 0.000558121131028307, 12: 0.0006382989800752839, 13: 0.0006893212476506329, 14: 0.000666413290780068, 15: 0.0006101846693704997, 16: 0.0006872387061169451, 17: 0.000325917750022127, 18: 0.0005591624017951508, 19: 0.0006695371030805996, 20: 0.0}
up: {1: 0.18003259177500222, 2: 0.1773825576733846, 3: 0.17513341281700187, 4: 0.18186835213694794, 5: 0.190697286969017, 6: 0.18767551920363612, 7: 0.19627849827930005, 8: 0.1914449193796109, 9: 0.1866634040182639, 10: 0.1850254851020185, 11: 0.19071811238435388, 12: 0.19342229256584736, 13: 0.2188542897752417, 14: 0.2808390559839228, 15: 0.2024573990097515, 16: 0.21886990883674437, 17: 0.17085899631910784, 18: 0.191257490641579, 19: 0.21005138671234375, 20: 0.1361367813279326}
conservative: {1: 0.06383822817366314, 2: 0.06245854440759503, 3: 0.06279383359451875, 4: 0.058792230037537814, 5: 0.05566529392470571, 6: 0.05602244979773315, 7: 0.05397635274088498, 8: 0.05389096853800378, 9: 0.057055390398442256, 10: 0.05175740473674072, 11: 0.05091293414483035, 12: 0.04726119756550895, 13: 0.04790053781635108, 14: 0.04763709631233958, 15: 0.048981376872334996, 16: 0.04816606186189626, 17: 0.05617447532969236, 18: 0.04516928459491964, 19: 0.03154633915230147, 20: 0.0}
uniform: {1: 0.048123036719083516, 2: 0.046966380341988724, 3: 0.04661664021755485, 4: 0.048152113378839366, 5: 0.050406982332015744, 6: 0.04964585885374905, 7: 0.0519985717235797, 8: 0.05047809658016138, 9: 0.04945956435708977, 10: 0.048259153947653836, 11: 0.049831774030342633, 12: 0.05012726807984859, 13: 0.05710682173664533, 14: 0.06948304749201545, 15: 0.05292709931134154, 16: 0.05711812159047971, 17: 0.04433923642952872, 18: 0.04906060146276613, 19: 0.05227206768850974, 20: 0.027627563726429886}
exponential: {1: 0.05577203807071265, 2: 0.054742580802219935, 3: 0.05482741013668424, 4: 0.05349474820769327, 5: 0.05282853777494914, 6: 0.05281191199265911, 7: 0.05262321174236514, 8: 0.05211976717279198, 9: 0.053160380790891984, 10: 0.05038722751530252, 11: 0.050571606859470764, 12: 0.04896162667423795, 13: 0.05111612780409416, 14: 0.052839073284677504, 15: 0.050645022353521474, 16: 0.05124248561556118, 17: 0.05106666541151836, 18: 0.04761583220895617, 19: 0.04209810343326881, 20: 0.02107564214839472}
