Shapley-Shubik:
fml: ./../bench_pct/mse24-exact-unweighted/CircuitTraceCompaction-ctrl.wcnf_mus_10; mode: 2; seed: 1;
iterations completed: 960365; time: 31.722785711288452;
low: {1: 1.66603322695017e-05, 2: 2.0825415336877126e-05, 3: 1.66603322695017e-05, 4: 1.66603322695017e-05, 5: 2.290795687056484e-05, 6: 1.4577790735813988e-05, 7: 1.2495249202126275e-05, 8: 1.4577790735813988e-05, 9: 1.2495249202126275e-05, 10: 1.66603322695017e-05, 11: 0.0, 12: 0.0, 13: 1.5619061502657843e-05, 14: 1.5619061502657843e-05, 15: 0.0, 16: 0.0, 17: 9.371436901594707e-06, 18: 2.0825415336877126e-05, 19: 1.8742873803189413e-05, 20: 0.0}
up: {1: 0.38704555038969557, 2: 0.37702540180035715, 3: 0.3778282215615938, 4: 0.37450760908612873, 5: 0.37095166941735697, 6: 0.3784987999354412, 7: 0.37013739567768505, 8: 0.3703092053542143, 9: 0.36327021497034984, 10: 0.35863343624559413, 11: 0.3045623278649264, 12: 0.3006669339261635, 13: 0.36224352199424176, 14: 0.36438229214933904, 15: 0.3045758643848953, 16: 0.30307747575140703, 17: 0.35282835172043964, 18: 0.34969204417070593, 19: 0.3482030269741192, 20: 0.28621201314083705}
conservative: {1: 0.11025912023032909, 2: 0.080944224331374, 3: 0.08582361914480433, 4: 0.07544319087013791, 5: 0.06294169404341057, 6: 0.08386290629083734, 7: 0.062347128435542735, 8: 0.06498466728795822, 9: 0.04215376445413983, 10: 0.02935134037579462, 11: 0.052064579612959655, 12: 0.042699390335966016, 13: 0.0389476917630276, 14: 0.045959609106954125, 15: 0.05308606623523348, 16: 0.04886683708798217, 17: 0.014433054099222692, 18: 0.004027635326152036, 19: 0.001803480968173559, 20: 0.0}
uniform: {1: 0.0608742294635089, 2: 0.056762631230399464, 3: 0.0572465837883755, 4: 0.055749463877853636, 5: 0.054325519221350795, 6: 0.05723342267604868, 7: 0.054114703462725726, 8: 0.05443597397415488, 9: 0.05124593847390575, 10: 0.049517953190463856, 11: 0.04294732081502863, 12: 0.0417181185811902, 13: 0.05097490754325932, 14: 0.051902737220124395, 15: 0.04294630148156871, 16: 0.04247159748037048, 17: 0.04734819208271231, 18: 0.0460021214535658, 19: 0.04556238454467734, 20: 0.036619899436069754}
exponential: {1: 0.08061457442682184, 2: 0.06583149150542818, 3: 0.06830877123513938, 4: 0.06290402326993026, 5: 0.05692123957785758, 6: 0.06734415245330187, 7: 0.05639086811825765, 8: 0.05770347029678354, 9: 0.046057064350213825, 10: 0.039731741834315874, 11: 0.05041323111519669, 12: 0.045730970821557304, 13: 0.0445949652267037, 14: 0.04826653195372636, 15: 0.05089458247296345, 16: 0.048743450068711974, 17: 0.03216921839188714, 18: 0.02705839965116175, 19: 0.025806966560851647, 20: 0.02451428666919193}
