Shapley-Shubik:
fml: ./../bench_pct/mse24-exact-unweighted/CircuitTraceCompaction-ctrl.wcnf_mus_1; mode: 2; seed: 1;
iterations completed: 960365; time: 28.171067714691162;
low: {1: 1.66603322695017e-05, 2: 2.0825415336877126e-05, 3: 1.66603322695017e-05, 4: 1.66603322695017e-05, 5: 2.290795687056484e-05, 6: 1.4577790735813988e-05, 7: 1.2495249202126275e-05, 8: 1.4577790735813988e-05, 9: 1.2495249202126275e-05, 10: 1.66603322695017e-05, 11: 0.0, 12: 0.0, 13: 1.5619061502657843e-05, 14: 1.5619061502657843e-05, 15: 0.0, 16: 0.0, 17: 9.371436901594707e-06, 18: 2.0825415336877126e-05, 19: 1.8742873803189413e-05, 20: 0.0}
up: {1: 0.5214548635154342, 2: 0.5145866415373321, 3: 0.49504094797290615, 4: 0.488993247359077, 5: 0.5358316889932474, 6: 0.5191286646223051, 7: 0.5195680808859132, 8: 0.514920889453489, 9: 0.482577978164552, 10: 0.4816637424312631, 11: 0.4631780625074841, 12: 0.44744133740817293, 13: 0.5049319789871559, 14: 0.5111837686712865, 15: 0.4514502298605218, 16: 0.44988519989795545, 17: 0.47868779057962335, 18: 0.4795457976915027, 19: 0.4788762605884221, 20: 0.4176110124796301}
conservative: {1: 0.08749902380865608, 2: 0.07239226752328541, 3: 0.033136359613272034, 4: 0.01959359201970084, 5: 0.11571017269475668, 6: 0.0809723386420788, 7: 0.08571532698505256, 8: 0.0758701118845439, 9: 0.005312563452437354, 10: 0.004291076830163531, 11: 0.09464109999843809, 12: 0.06454316848281642, 13: 0.05139295996834537, 14: 0.06724630739354308, 15: 0.07166962561109579, 16: 0.06996506536577239, 17: 9.371436901594707e-06, 18: 2.0825415336877126e-05, 19: 1.8742873803189413e-05, 20: 0.0}
uniform: {1: 0.0558622353512441, 2: 0.054123893356316066, 3: 0.04990443899772107, 4: 0.04844211110436214, 5: 0.05854661970290004, 6: 0.0551282657157163, 7: 0.05563663150916543, 8: 0.05447116645411542, 9: 0.0471157775363421, 10: 0.04710369750671743, 11: 0.048902762332179266, 12: 0.04601130993845971, 13: 0.052059063346869675, 14: 0.053783720203230606, 15: 0.04672664070012653, 16: 0.046561651789216923, 17: 0.046519848613892086, 18: 0.04661934710678747, 19: 0.04655439636037692, 20: 0.03992642237167836}
exponential: {1: 0.06896265602133973, 2: 0.061336935892628855, 3: 0.04165928362810957, 4: 0.034831753499871165, 5: 0.08305869740273078, 6: 0.06558906683511326, 7: 0.06792777709165504, 8: 0.06298189940441491, 9: 0.027618991388880285, 10: 0.02712761254697162, 11: 0.07215334488637401, 12: 0.05705109834340786, 13: 0.050808116887531986, 14: 0.05874579363341722, 15: 0.060584732378600424, 16: 0.05970251438194251, 17: 0.02490462822539299, 18: 0.025071166812665448, 19: 0.025051706216290884, 20: 0.024832224522675906}
