Shapley-Shubik:
fml: ./../bench_pct/mse24-exact-unweighted/CircuitTraceCompaction-ctrl.wcnf_mus_20; mode: 2; seed: 1;
iterations completed: 960365; time: 35.7000675201416;
low: {1: 1.66603322695017e-05, 2: 2.0825415336877126e-05, 3: 1.66603322695017e-05, 4: 1.66603322695017e-05, 5: 2.290795687056484e-05, 6: 1.4577790735813988e-05, 7: 1.2495249202126275e-05, 8: 1.4577790735813988e-05, 9: 1.2495249202126275e-05, 10: 1.66603322695017e-05, 11: 0.0, 12: 0.0, 13: 1.5619061502657843e-05, 14: 1.5619061502657843e-05, 15: 0.0, 16: 0.0, 17: 9.371436901594707e-06, 18: 2.0825415336877126e-05, 19: 1.8742873803189413e-05, 20: 0.0}
up: {1: 0.3401633753833178, 2: 0.3406236170622628, 3: 0.33311084847948436, 4: 0.33004534734189606, 5: 0.33000994413582335, 6: 0.33231531761361566, 7: 0.32945182300479503, 8: 0.32989332180993686, 9: 0.32886558756306195, 10: 0.3262946900397245, 11: 0.2655563249389555, 12: 0.2618733502366288, 13: 0.3242006945276015, 14: 0.3244526820531777, 15: 0.2640798029915709, 16: 0.2631530720090799, 17: 0.32253466130065134, 18: 0.3168441165598496, 19: 0.3128133574213971, 20: 0.24892618952169226}
conservative: {1: 0.09143606857809271, 2: 0.09192858965080984, 3: 0.07208925773013386, 4: 0.06061237133798087, 5: 0.059091074747622, 6: 0.06538555653319311, 7: 0.05876307445606618, 8: 0.06142456253611908, 9: 0.05557157955568976, 10: 0.048051522077543436, 11: 0.052370713218411746, 12: 0.04229121219536322, 13: 0.040946931635367806, 14: 0.043800013536519966, 15: 0.04896575781083234, 16: 0.04570449776907738, 17: 0.03697760747215902, 18: 0.017530834630583164, 19: 0.007058774528434501, 20: 0.0}
uniform: {1: 0.05908784192471976, 2: 0.05915722849731096, 3: 0.05587816603110499, 4: 0.054188178805924234, 5: 0.05412148240819846, 6: 0.055159139191653515, 7: 0.05405105963596524, 8: 0.05439092365276012, 9: 0.05350618435560332, 10: 0.05222868091813039, 11: 0.04217145587734867, 12: 0.0407373401327241, 13: 0.05136643806553525, 14: 0.051741339791846044, 15: 0.0416175261616729, 16: 0.04123239319880029, 17: 0.050487386540904254, 18: 0.047656160995822955, 19: 0.04593629666215491, 20: 0.03528477714959183}
exponential: {1: 0.07135059466271834, 2: 0.0715741400635604, 3: 0.06144499268683323, 4: 0.05557256745841597, 5: 0.05500211742012391, 6: 0.058127814433580005, 7: 0.05467944408715368, 8: 0.05608094486707847, 9: 0.05299387792028531, 10: 0.04922290499629363, 11: 0.050296381317436016, 12: 0.04523072501762478, 13: 0.04569488137333925, 14: 0.04713721812109396, 15: 0.04853528677049169, 16: 0.04689790436139019, 17: 0.043584734551995984, 18: 0.03392160577700192, 19: 0.02843137660252552, 20: 0.024220487511051252}
