Shapley-Shubik:
fml: ./../bench_pct/mse24-exact-unweighted/CircuitTraceCompaction-ctrl.wcnf_mus_2; mode: 2; seed: 1;
iterations completed: 960365; time: 28.272522926330566;
low: {1: 1.66603322695017e-05, 2: 2.0825415336877126e-05, 3: 1.66603322695017e-05, 4: 1.66603322695017e-05, 5: 2.290795687056484e-05, 6: 1.4577790735813988e-05, 7: 1.2495249202126275e-05, 8: 1.4577790735813988e-05, 9: 1.2495249202126275e-05, 10: 1.66603322695017e-05, 11: 0.0, 12: 0.0, 13: 1.5619061502657843e-05, 14: 1.5619061502657843e-05, 15: 0.0, 16: 0.0, 17: 9.371436901594707e-06, 18: 2.0825415336877126e-05, 19: 1.8742873803189413e-05, 20: 0.0}
up: {1: 0.4698838462459586, 2: 0.4723297912772748, 3: 0.46770759034325493, 4: 0.4437167118751725, 5: 0.4780422027041802, 6: 0.47534010506422036, 7: 0.468527070436761, 8: 0.4574500320190761, 9: 0.43767005253211017, 10: 0.435210570980825, 11: 0.404734658176839, 12: 0.39750095015957476, 13: 0.455249826888735, 14: 0.459204573261208, 15: 0.40318316473424165, 16: 0.4002988447100842, 17: 0.43328109624986333, 18: 0.4338808682115654, 19: 0.43312907071790413, 20: 0.372031467202574}
conservative: {1: 0.08361091876526112, 2: 0.08771352558662592, 3: 0.07962805808208337, 4: 0.02451463766380491, 5: 0.10007028577676196, 6: 0.09299172710375743, 7: 0.08095776085134299, 8: 0.05639418346149641, 9: 0.008312464531714504, 10: 0.0025677737110369496, 11: 0.07574307685098895, 12: 0.06034059966783462, 13: 0.047505896195717254, 14: 0.059419075039177816, 15: 0.0725057660368714, 16: 0.06767531094948274, 17: 9.371436901594707e-06, 18: 2.0825415336877126e-05, 19: 1.8742873803189413e-05, 20: 0.0}
uniform: {1: 0.05597029503677963, 2: 0.05632818865430281, 3: 0.05519026329961664, 4: 0.04901890502364891, 5: 0.057663902400039865, 6: 0.05699423145397009, 7: 0.05555477120133546, 8: 0.052680635629390744, 9: 0.04720545992989322, 10: 0.04661389430066026, 11: 0.04675505837528166, 12: 0.045069218631588255, 13: 0.05186666879529415, 14: 0.053212012358199945, 15: 0.04635441711522998, 16: 0.04586686849473339, 17: 0.0461951149626163, 18: 0.04627016633019743, 19: 0.04620583015487741, 20: 0.03898409784946342}
exponential: {1: 0.06697648366708979, 2: 0.06903005554362711, 3: 0.06491554102821048, 4: 0.03730149882366771, 5: 0.07528349301218326, 6: 0.07173267297050258, 7: 0.06563289466357472, 8: 0.05321637803579278, 9: 0.02908911848246093, 10: 0.026296185645453544, 11: 0.06257992675386255, 12: 0.054896847126398585, 13: 0.04897916491729858, 14: 0.05491446987124448, 15: 0.06096322375440531, 16: 0.058420903162418825, 17: 0.0248975780961426, 18: 0.025045819332118496, 19: 0.025012544650428306, 20: 0.024815200463125124}
