Shapley-Shubik:
fml: ./../bench_pct/mse24-exact-unweighted/CircuitTraceCompaction-ctrl.wcnf_mus_100; mode: 2; seed: 1;
iterations completed: 960365; time: 163.14474940299988;
low: {1: 0.05260812295325215, 2: 0.052822624731221984, 3: 0.052726827820672346, 4: 0.052828872355823044, 5: 0.05294132959864218, 6: 0.05256751339334524, 7: 0.052501913335034074, 8: 0.05244776725515819, 9: 0.052521697479604106, 10: 0.05316520281351361, 11: 0.05228324647399687, 12: 0.05255189433184258, 13: 0.05245922123359348, 14: 0.05286635810342943, 15: 0.052445684713624506, 16: 0.052491500627365635, 17: 0.05249358316889932, 18: 0.05286011047882836, 19: 0.05241652913215288, 20: 0.0}
up: {1: 0.05260812295325215, 2: 0.052822624731221984, 3: 0.052726827820672346, 4: 0.052828872355823044, 5: 0.05294132959864218, 6: 0.05256751339334524, 7: 0.052501913335034074, 8: 0.05244776725515819, 9: 0.052521697479604106, 10: 0.05316520281351361, 11: 0.05228324647399687, 12: 0.05255189433184258, 13: 0.05245922123359348, 14: 0.05286635810342943, 15: 0.052445684713624506, 16: 0.052491500627365635, 17: 0.05249358316889932, 18: 0.05286011047882836, 19: 0.05241652913215288, 20: 0.0}
conservative: {1: 0.05260812295325215, 2: 0.052822624731221984, 3: 0.052726827820672346, 4: 0.052828872355823044, 5: 0.05294132959864218, 6: 0.05256751339334524, 7: 0.052501913335034074, 8: 0.05244776725515819, 9: 0.052521697479604106, 10: 0.05316520281351361, 11: 0.05228324647399687, 12: 0.05255189433184258, 13: 0.05245922123359348, 14: 0.05286635810342943, 15: 0.052445684713624506, 16: 0.052491500627365635, 17: 0.05249358316889932, 18: 0.05286011047882836, 19: 0.05241652913215288, 20: 0.0}
uniform: {1: 0.05260812295325215, 2: 0.052822624731221984, 3: 0.052726827820672346, 4: 0.052828872355823044, 5: 0.05294132959864218, 6: 0.05256751339334524, 7: 0.052501913335034074, 8: 0.05244776725515819, 9: 0.052521697479604106, 10: 0.05316520281351361, 11: 0.05228324647399687, 12: 0.05255189433184258, 13: 0.05245922123359348, 14: 0.05286635810342943, 15: 0.052445684713624506, 16: 0.052491500627365635, 17: 0.05249358316889932, 18: 0.05286011047882836, 19: 0.05241652913215288, 20: 0.0}
exponential: {1: 0.05260812295325215, 2: 0.052822624731221984, 3: 0.052726827820672346, 4: 0.052828872355823044, 5: 0.05294132959864218, 6: 0.05256751339334524, 7: 0.052501913335034074, 8: 0.05244776725515819, 9: 0.052521697479604106, 10: 0.05316520281351361, 11: 0.05228324647399687, 12: 0.05255189433184258, 13: 0.05245922123359348, 14: 0.05286635810342943, 15: 0.052445684713624506, 16: 0.052491500627365635, 17: 0.05249358316889932, 18: 0.05286011047882836, 19: 0.05241652913215288, 20: 0.0}
