Shapley-Shubik:
fml: ./../bench_pct/mse24-exact-unweighted/CircuitTraceCompaction-ctrl.wcnf_mus_75; mode: 2; seed: 1;
iterations completed: 960365; time: 82.23249530792236;
low: {1: 0.012295325214892254, 2: 0.01194337569569903, 3: 0.014804787762985949, 4: 0.014738146433907941, 5: 0.014527809739005483, 6: 0.012684760481691856, 7: 0.013711453457799899, 8: 0.014965143461079902, 9: 0.011223857595809926, 10: 0.012522322242064215, 11: 0.014935987879608275, 12: 0.014446590619191662, 13: 0.015870007757467212, 14: 0.01587729665283512, 15: 0.0141008887245995, 16: 0.013675008980960364, 17: 0.012986729004076575, 18: 0.01228595377799066, 19: 0.011233229032711522, 20: 0.0}
up: {1: 0.09535749428602666, 2: 0.09178072920191802, 3: 0.11239789038542637, 4: 0.1085972520864463, 5: 0.10622419600880915, 6: 0.09660910174777299, 7: 0.10265784363236895, 8: 0.11500835619790392, 9: 0.09012927376570366, 10: 0.09621966648097338, 11: 0.11695969761496931, 12: 0.10696558079480198, 13: 0.12258776610976035, 14: 0.12595419449896653, 15: 0.10676982189063533, 16: 0.10064714978159346, 17: 0.09758164864400515, 18: 0.09459216027239643, 19: 0.08918067609710892, 20: 0.04873667824212669}
conservative: {1: 0.05608700858527747, 2: 0.056005789465463654, 3: 0.053722282673775074, 4: 0.052812212023553545, 5: 0.053419272880623515, 6: 0.05503844892306571, 7: 0.05302567253075653, 8: 0.051120147027432276, 9: 0.05576109083525534, 10: 0.0537441493598788, 11: 0.05068593711765839, 12: 0.05138775361451115, 13: 0.04792448704398848, 14: 0.048193134901834196, 15: 0.05095875005857148, 16: 0.050884819834125565, 17: 0.05414607987588053, 18: 0.05251753239653673, 19: 0.05256543085181155, 20: 0.0}
uniform: {1: 0.048079046334822594, 2: 0.046366346823002655, 3: 0.0564314609549696, 4: 0.0545817475647454, 5: 0.05362445528524575, 6: 0.048634668416010975, 7: 0.05150795097004397, 8: 0.056965285768107936, 9: 0.04508763161229149, 10: 0.04813027685655105, 11: 0.057679684286726755, 12: 0.05349112056355225, 13: 0.05983605191778962, 14: 0.06116060039675575, 15: 0.05310073079854939, 16: 0.050320503142046766, 17: 0.0493305496694935, 18: 0.047242177019508766, 19: 0.044217979622334855, 20: 0.014211731997735271}
exponential: {1: 0.05122465009189677, 2: 0.05021238828621833, 3: 0.05506974281510379, 4: 0.05378544105077372, 5: 0.05351607907205463, 6: 0.051125943381380747, 7: 0.05202653734798018, 8: 0.05425372839914055, 9: 0.04916036251993092, 10: 0.05031849244444804, 11: 0.05435394183325531, 12: 0.05259622260928434, 13: 0.05440428164994421, 14: 0.05512183439791339, 15: 0.05211653438569191, 16: 0.05065659130300277, 17: 0.05133290951533664, 18: 0.04941249751888174, 19: 0.04744474795647506, 20: 0.011867073421254514}
