Shapley-Shubik:
fml: ./../bench_pct/mse24-exact-unweighted/protein_ins-1vii_.1cph_.g.wcnf.t.wcnf_mus_100; mode: 2; seed: 1;
iterations completed: 960365; time: 15.400865316390991;
low: {1: 0.06273656370234233, 2: 0.14259994897773243, 3: 0.09645186986197957, 4: 0.09912897700353511, 5: 0.05969709433392512, 6: 0.1012063121833886, 7: 0.08283621331472929, 8: 0.07288895367906993, 9: 0.08561953007450292, 10: 0.04800049980996809, 11: 0.03627162589223889, 12: 0.05190526518563254, 13: 0.06065714598095516}
up: {1: 0.06273656370234233, 2: 0.14259994897773243, 3: 0.09645186986197957, 4: 0.09912897700353511, 5: 0.05969709433392512, 6: 0.1012063121833886, 7: 0.08283621331472929, 8: 0.07288895367906993, 9: 0.08561953007450292, 10: 0.04800049980996809, 11: 0.03627162589223889, 12: 0.05190526518563254, 13: 0.06065714598095516}
conservative: {1: 0.06273656370234233, 2: 0.14259994897773243, 3: 0.09645186986197957, 4: 0.09912897700353511, 5: 0.05969709433392512, 6: 0.1012063121833886, 7: 0.08283621331472929, 8: 0.07288895367906993, 9: 0.08561953007450292, 10: 0.04800049980996809, 11: 0.03627162589223889, 12: 0.05190526518563254, 13: 0.06065714598095516}
uniform: {1: 0.06273656370234233, 2: 0.14259994897773243, 3: 0.09645186986197957, 4: 0.09912897700353511, 5: 0.05969709433392512, 6: 0.1012063121833886, 7: 0.08283621331472929, 8: 0.07288895367906993, 9: 0.08561953007450292, 10: 0.04800049980996809, 11: 0.03627162589223889, 12: 0.05190526518563254, 13: 0.06065714598095516}
exponential: {1: 0.06273656370234233, 2: 0.14259994897773243, 3: 0.09645186986197957, 4: 0.09912897700353511, 5: 0.05969709433392512, 6: 0.1012063121833886, 7: 0.08283621331472929, 8: 0.07288895367906993, 9: 0.08561953007450292, 10: 0.04800049980996809, 11: 0.03627162589223889, 12: 0.05190526518563254, 13: 0.06065714598095516}
