Shapley-Shubik:
fml: ./../bench_pct/mse24-exact-unweighted/protein_ins-1vii_.1cph_.g.wcnf.t.wcnf_mus_75; mode: 2; seed: 1;
iterations completed: 960365; time: 14.906449317932129;
low: {1: 0.04659790808702941, 2: 0.1252096859006732, 3: 0.0780380376211128, 4: 0.08187616166769926, 5: 0.047624601063137456, 6: 0.08730847125832365, 7: 0.06927574411812176, 8: 0.05865790610861495, 9: 0.0702857767619603, 10: 0.03660795634992945, 11: 0.023408808109416732, 12: 0.0398879592654876, 13: 0.04320024157481791}
up: {1: 0.07851077454925992, 2: 0.16164166749100603, 3: 0.12039172606248666, 4: 0.10709365709912377, 5: 0.07815049486393194, 6: 0.12239929610096162, 7: 0.10708116184992164, 8: 0.09227012646233464, 9: 0.10885861104892411, 10: 0.07027119897122448, 11: 0.05288510097723261, 12: 0.06926533141045332, 13: 0.06866035309491704}
conservative: {1: 0.05769889573235176, 2: 0.1465192921441327, 3: 0.09172658312204214, 4: 0.10709365709912377, 5: 0.0604801299505917, 6: 0.10008902865056515, 7: 0.08486669131007482, 8: 0.07088971380672973, 9: 0.08236868274041641, 10: 0.048625262270074396, 11: 0.03209196503412765, 12: 0.04888974504485274, 13: 0.06866035309491704}
uniform: {1: 0.06047127914908141, 2: 0.14234527150266657, 3: 0.0974201649025731, 4: 0.09357431809780334, 5: 0.060901931383735085, 6: 0.10296892327395481, 7: 0.08655797535311885, 8: 0.07358608445747702, 9: 0.08769504303051126, 10: 0.051518953731138295, 11: 0.03572374392374704, 12: 0.0522176464156915, 13: 0.05501866477849845}
exponential: {1: 0.05959930413362616, 2: 0.1437291624984979, 3: 0.09506842760427496, 4: 0.09817260451323763, 5: 0.06093635529943863, 6: 0.10195305207617604, 7: 0.08591117514099814, 8: 0.07273582737516127, 9: 0.08571998791133802, 10: 0.050599938069184745, 11: 0.03467058779486777, 12: 0.05124622012514017, 13: 0.059657357458070694}
