Shapley-Shubik:
fml: ./../bench_pct/mse24-exact-unweighted/protein_ins-1vii_.1cph_.g.wcnf.t.wcnf_mus_5; mode: 2; seed: 1;
iterations completed: 960365; time: 18.539072513580322;
low: {1: 0.0026541991846849894, 2: 0.002478224425088378, 3: 0.002889526377991701, 4: 0.0025469482957000723, 5: 0.0, 6: 0.0, 7: 0.0, 8: 0.002486554591223129, 9: 0.0025761038771717005, 10: 0.0025531959203011355, 11: 0.0004956448850176755, 12: 0.0004966861557845194, 13: 0.002552154649534292}
up: {1: 0.5087867633660119, 2: 0.5473283595299704, 3: 0.5299235186621754, 4: 0.4925637648185846, 5: 0.42045784675618125, 6: 0.48179806636018596, 7: 0.47530886694121505, 8: 0.4930864827435402, 9: 0.5542007465911398, 10: 0.5155789725781343, 11: 0.4219218734543637, 12: 0.42966996923044887, 13: 0.4931510415310845}
conservative: {1: 0.036514241980913506, 2: 0.10829320102252789, 3: 0.0716342224050231, 4: 0.0030613360545209372, 5: 0.07079704070848063, 6: 0.20708168248530506, 7: 0.19487798909789508, 8: 0.003033221743816153, 9: 0.1215277524691133, 10: 0.04913444367506104, 11: 0.059681475272422464, 12: 0.07135724438104263, 13: 0.003006148703878213}
uniform: {1: 0.07971700315276513, 2: 0.09045035636792181, 3: 0.08511567770674171, 4: 0.07369061883903649, 5: 0.061304559122676607, 6: 0.08158608665848409, 7: 0.08005406869805032, 8: 0.0736866512668514, 9: 0.09245711081942605, 10: 0.08157552230541937, 11: 0.06260087733123387, 12: 0.06398961613362503, 13: 0.07377185159453802}
exponential: {1: 0.05864462602466405, 2: 0.09500227738460548, 3: 0.07663596843842592, 4: 0.04114866805332067, 5: 0.07086527561296554, 6: 0.13825085785898397, 7: 0.13225337569248324, 8: 0.041069897789515045, 9: 0.10190089526581608, 10: 0.06488954789342741, 11: 0.06621020741339236, 12: 0.07193780494289377, 13: 0.041190597630002664}
