Shapley-Shubik:
fml: ./../bench_pct/mse24-exact-unweighted/protein_ins-1vii_.1cph_.g.wcnf.t.wcnf_mus_10; mode: 2; seed: 1;
iterations completed: 960365; time: 17.463196754455566;
low: {1: 0.0026541991846849894, 2: 0.002478224425088378, 3: 0.002889526377991701, 4: 0.0025469482957000723, 5: 0.0, 6: 0.0, 7: 0.0, 8: 0.002486554591223129, 9: 0.0025761038771717005, 10: 0.0025531959203011355, 11: 0.0004956448850176755, 12: 0.0004966861557845194, 13: 0.002552154649534292}
up: {1: 0.41503074351939107, 2: 0.44399264862838606, 3: 0.41687795785977205, 4: 0.44722579435943627, 5: 0.3028057040812608, 6: 0.35006273656370235, 7: 0.3380089861667179, 8: 0.41298568773330974, 9: 0.4285891301744649, 10: 0.4231568205838405, 11: 0.31655880836973443, 12: 0.3234988780307487, 13: 0.4123879983131414}
conservative: {1: 0.0466926637268122, 2: 0.11976488106084665, 3: 0.045661805667636786, 4: 0.1261884804215064, 5: 0.03526679960223457, 6: 0.15767442586933092, 7: 0.13001931557272495, 8: 0.041682068796759564, 9: 0.08004040130575354, 10: 0.0649388513742171, 11: 0.04624699983860303, 12: 0.06583955058753703, 13: 0.039983756176037236}
uniform: {1: 0.08145717414462786, 2: 0.09660855755961935, 3: 0.0811486315675114, 4: 0.09619813572843039, 5: 0.05306229303182168, 6: 0.07278964826432137, 7: 0.0688744317531505, 8: 0.07950144079621396, 9: 0.0873262435187985, 10: 0.08467210176928375, 11: 0.05738803302201057, 12: 0.06068827915030688, 13: 0.08028502969128012}
exponential: {1: 0.06407691207395974, 2: 0.10248436090751488, 3: 0.06364743056675345, 4: 0.10522579911132922, 5: 0.05176524002674287, 6: 0.11215404643402896, 7: 0.09846304024238789, 8: 0.06087518011431745, 9: 0.08105359778984564, 10: 0.07339609451292983, 11: 0.058277079061994926, 12: 0.0678825005623947, 13: 0.06069871859610217}
