Shapley-Shubik:
fml: ./../bench_pct/mse24-exact-unweighted/protein_ins-1vii_.1cph_.g.wcnf.t.wcnf_mus_50; mode: 2; seed: 1;
iterations completed: 960365; time: 14.8125;
low: {1: 0.026689852295741723, 2: 0.0832423089137984, 3: 0.04593357733778303, 4: 0.05113160100586756, 5: 0.024778079167816405, 6: 0.053852441519630555, 7: 0.04227767567539425, 8: 0.032999953142815494, 9: 0.04437479499981778, 10: 0.021727155820963906, 11: 0.013099186246895711, 12: 0.0208722725213851, 13: 0.024286599365866104}
up: {1: 0.11904119787789018, 2: 0.1872548458138312, 3: 0.16300573219557146, 4: 0.15747033679902953, 5: 0.11225002993653455, 6: 0.16113248608601938, 7: 0.14903396104606062, 8: 0.11951705861833782, 9: 0.17433475813883262, 10: 0.12650815054692746, 11: 0.10345025068593712, 12: 0.10201850338152682, 13: 0.10540888099837041}
conservative: {1: 0.05682735210050346, 2: 0.15384359071811238, 3: 0.09167868466676732, 4: 0.098522957417232, 5: 0.05500304571699302, 6: 0.09987140306029478, 7: 0.08572469842195415, 8: 0.07805886303644968, 9: 0.07763610710511108, 10: 0.0455410182586829, 11: 0.032398098639579744, 12: 0.05096083260010517, 13: 0.07393334825821432}
uniform: {1: 0.062399417582575514, 2: 0.12839635624644133, 3: 0.09432373802318765, 4: 0.09439990697978484, 5: 0.05789961802719649, 6: 0.09749180433130719, 7: 0.08538637219528296, 8: 0.06710379213461741, 9: 0.09621338414730822, 10: 0.06206605474657566, 11: 0.04677794380262583, 12: 0.05112937962824436, 13: 0.05641223215480696}
exponential: {1: 0.06085914717808523, 2: 0.1373230988200885, 3: 0.09285914001233546, 4: 0.09530527474368082, 5: 0.05750493455311541, 6: 0.09792650184694386, 7: 0.08501076799532907, 8: 0.07160178999296411, 9: 0.08794182598832762, 10: 0.05594428656504374, 11: 0.04226324791722916, 12: 0.05203656127191842, 13: 0.06342342311503953}
