Shapley-Shubik:
fml: ./../bench_pct/mse24-exact-unweighted/protein_ins-1vii_.1cph_.g.wcnf.t.wcnf_mus_2; mode: 2; seed: 1;
iterations completed: 960365; time: 10.075104475021362;
low: {1: 0.0, 2: 0.0, 3: 0.0, 4: 0.0, 5: 0.0, 6: 0.0, 7: 0.0, 8: 0.0, 9: 0.0, 10: 0.0, 11: 0.0, 12: 0.0, 13: 0.0}
up: {1: 0.5641927808697734, 2: 0.6405210518917287, 3: 0.5439931692637695, 4: 0.5434579560896118, 5: 0.5436391372030426, 6: 0.6669255959973551, 7: 0.6568294346420371, 8: 0.5442451567893457, 9: 0.650248603395584, 10: 0.5905702519354621, 11: 0.583694741061992, 12: 0.544650211117648, 13: 0.5442888901615531}
conservative: {1: 0.04046378199955225, 2: 0.1735361034606634, 3: 0.0, 4: 0.0, 5: 0.0, 6: 0.22402524040338828, 7: 0.20710459044217563, 8: 0.0, 9: 0.1906337694522395, 10: 0.09032919775293768, 11: 0.07390731648904322, 12: 0.0, 13: 0.0}
uniform: {1: 0.0724732641520113, 2: 0.08940283493386217, 3: 0.06674163662151372, 4: 0.06667943372786256, 5: 0.06668327929256194, 6: 0.09616911845721954, 7: 0.09407700654832202, 8: 0.06677918066826317, 9: 0.09141322414156926, 10: 0.07928013067763354, 11: 0.07664254592213925, 12: 0.06686001915327477, 13: 0.06679832570096968}
exponential: {1: 0.058677726621240246, 2: 0.12560830656116923, 3: 0.03810345303227525, 4: 0.038048798397367564, 5: 0.038082370577994316, 6: 0.15101828939750506, 7: 0.14255084852112374, 8: 0.03810046335262157, 9: 0.13423285901478138, 10: 0.08372546353222729, 11: 0.07549953452208157, 12: 0.03813912456986677, 13: 0.038212761900339044}
