Shapley-Shubik:
fml: ./../bench_pct/mse24-exact-unweighted/protein_ins-1vii_.1cph_.g.wcnf.t.wcnf_mus_1; mode: 2; seed: 1;
iterations completed: 960365; time: 10.227051496505737;
low: {1: 0.0, 2: 0.0, 3: 0.0, 4: 0.0, 5: 0.0, 6: 0.0, 7: 0.0, 8: 0.0, 9: 0.0, 10: 0.0, 11: 0.0, 12: 0.0, 13: 0.0}
up: {1: 0.6332446517730238, 2: 0.7998552633634087, 3: 0.6332925502282987, 4: 0.6330645119303598, 5: 0.6334758138832631, 6: 0.6669255959973551, 7: 0.7161672905614012, 8: 0.6337205125134714, 9: 0.7502324636986979, 10: 0.7496191552170268, 11: 0.7500627365637024, 12: 0.6341161954048721, 13: 0.6335195472554705}
conservative: {1: 0.0, 2: 0.26656635758279407, 3: 0.0, 4: 0.0, 5: 0.0, 6: 0.05043186705054849, 7: 0.1330858579810801, 8: 0.0, 9: 0.1835510456961676, 10: 0.1830689373311189, 11: 0.18329593435829086, 12: 0.0, 13: 0.0}
uniform: {1: 0.06813980801499907, 2: 0.09903331318179484, 3: 0.06811801976227774, 4: 0.06810613721753159, 5: 0.06815865279961106, 6: 0.07350348366294278, 7: 0.08353857790612051, 8: 0.06816320989933418, 9: 0.0889792373839229, 10: 0.08890560256183282, 11: 0.08896214022128716, 12: 0.06822703408763174, 13: 0.06816478330003153}
exponential: {1: 0.03833202291987613, 2: 0.17216582129962463, 3: 0.038284593664823535, 4: 0.03826337536395556, 5: 0.03839683233671484, 6: 0.06351275187763346, 7: 0.10504746481010227, 8: 0.03834971049366537, 9: 0.13046182703408035, 10: 0.13015330482882098, 11: 0.13042104390080947, 12: 0.03830717294423033, 13: 0.03830407852627601}
