Shapley-Shubik:
fml: ./../bench_pct/mse24-exact-unweighted/protein_ins-1vii_.1cph_.g.wcnf.t.wcnf_mus_20; mode: 2; seed: 1;
iterations completed: 960365; time: 16.066949129104614;
low: {1: 0.008814357041333242, 2: 0.02761241819516538, 3: 0.015414972432356448, 4: 0.009382890880029988, 5: 0.006878634685770514, 6: 0.024260567596695006, 7: 0.0, 8: 0.009601557741067199, 9: 0.009748376919192182, 10: 0.005252169747960411, 11: 0.0019273921894279779, 12: 0.005778011485216558, 13: 0.011380048210836505}
up: {1: 0.25087753093875764, 2: 0.3952840846969642, 3: 0.2727119376487065, 4: 0.24484336684489752, 5: 0.22612131845704497, 6: 0.2835619790392195, 7: 0.20522717924955616, 8: 0.22296730930427494, 9: 0.3713234030811202, 10: 0.2460064662914621, 11: 0.19896914194082457, 12: 0.21905942011630994, 13: 0.2157773346592181}
conservative: {1: 0.06910809952465989, 2: 0.12349158913538082, 3: 0.08675451521036273, 4: 0.14804683635909263, 5: 0.029117054453254753, 6: 0.11679725937534166, 7: 0.10718008257277181, 8: 0.051918801705601515, 9: 0.05785092126431097, 10: 0.053957609867081785, 11: 0.042063173897424415, 12: 0.061950404273375226, 13: 0.05176365236134178}
uniform: {1: 0.07383655635552992, 2: 0.13378628446381638, 3: 0.08757970287245402, 4: 0.0789458968105089, 5: 0.060593616894437326, 6: 0.09921458722815266, 7: 0.05610503207318644, 8: 0.06420595872975202, 9: 0.10545348664123887, 10: 0.06830399883504805, 11: 0.04950838714675498, 12: 0.06061402332226912, 13: 0.06185246862567209}
exponential: {1: 0.07257100771020822, 2: 0.12119747830021842, 3: 0.08738684872481647, 4: 0.1075073827086546, 5: 0.04974221316418085, 6: 0.10609375837511308, 7: 0.07893145076070648, 8: 0.0613749125707025, 9: 0.07682866293065392, 10: 0.0633126622035072, 11: 0.05084322391496786, 12: 0.063442240505165, 13: 0.06076815813130453}
