Shapley-Shubik:
fml: ./../bench_pct/mse24-exact-unweighted/wqueens-wqueens6_4.wcsp.dir.wcnf_mus_75; mode: 2; seed: 1;
iterations completed: 960365; time: 15.582558631896973;
low: {1: 0.04670411770524748, 2: 0.016011620581757976, 3: 0.04454556340558017, 4: 0.22978242647326796, 5: 0.04555871986171924, 6: 0.0, 7: 0.05078798165280909, 8: 0.01583356328062768, 9: 0.015254616734262493, 10: 0.0, 11: 0.0, 12: 0.050719257782197394, 13: 0.04696964175079267, 14: 0.0, 15: 0.014992216501017843, 16: 0.24376356905968044, 17: 0.01431122541950196, 18: 0.0, 19: 0.045683672353740504, 20: 0.0, 21: 0.0, 22: 0.01645311938689977, 23: 0.045084941662805286, 24: 0.0}
up: {1: 0.05574651304451953, 2: 0.02335986838337507, 3: 0.05457716597335388, 4: 0.24613870767885127, 5: 0.05566633519547255, 6: 0.005182404606581872, 7: 0.05900777308627449, 8: 0.02367849723802929, 9: 0.02290066797519693, 10: 0.005255293560260942, 11: 0.00514387758820865, 12: 0.0588203443482426, 13: 0.056236951575702986, 14: 0.005276118975597819, 15: 0.02247687077309148, 16: 0.2528944724141342, 17: 0.021661555762652742, 18: 0.005201147480385062, 19: 0.055544506515751824, 20: 0.005128258526705992, 21: 0.005225096708022471, 22: 0.024505266226903313, 23: 0.05522171257803023, 24: 0.005116804548270709}
conservative: {1: 0.049463485237383704, 2: 0.01954152848135865, 3: 0.04648232703190974, 4: 0.22988551227918552, 5: 0.04848677325808417, 6: 0.0, 7: 0.05900777308627449, 8: 0.0196685635149136, 9: 0.018138936758419977, 10: 0.0, 11: 0.0, 12: 0.0588203443482426, 13: 0.050528705231864965, 14: 0.0, 15: 0.01637606535015333, 16: 0.2508025594435449, 17: 0.014645473335658838, 18: 0.0, 19: 0.048600271771670145, 20: 0.0, 21: 0.0, 22: 0.022483118397692545, 23: 0.047068562473642835, 24: 0.0}
uniform: {1: 0.049642021703373194, 2: 0.01827234063521877, 3: 0.04784628693324852, 4: 0.23561852313714116, 5: 0.048963063128302245, 6: 0.001145729269645717, 7: 0.05380380313103861, 8: 0.018310685769282756, 9: 0.01758478669301698, 10: 0.0011560278582452592, 11: 0.0011320820113570956, 12: 0.053665541793727956, 13: 0.0500554153258333, 14: 0.0011605735009857566, 15: 0.0171632142492967, 16: 0.24701937163307103, 17: 0.016330198537354675, 18: 0.0011408468667167384, 19: 0.048977282146415786, 20: 0.0011232981111100539, 21: 0.0011485761610193666, 22: 0.019199976531590463, 23: 0.0484144642531557, 24: 0.0011258906198851088}
exponential: {1: 0.04947888136634146, 2: 0.01876462883414568, 3: 0.047188165582602054, 4: 0.23288739524075883, 5: 0.048645104564262444, 6: 0.0008970268437673624, 7: 0.05569374209515484, 8: 0.01884536249631393, 9: 0.017814167337186985, 10: 0.0009082725333170661, 11: 0.0008854903337535615, 12: 0.05554035280486659, 13: 0.050122868260174015, 14: 0.0009025779243406424, 15: 0.016880437602456493, 16: 0.24837472286711554, 17: 0.015715735789396265, 18: 0.0008977210409474261, 19: 0.04871206578236229, 20: 0.00086876301469418, 21: 0.000903105242134965, 22: 0.020422967986266412, 23: 0.04776343834434455, 24: 0.0008870061133295684}
