Shapley-Shubik:
fml: ./../bench_pct/mse24-exact-unweighted/wqueens-wqueens6_4.wcsp.dir.wcnf_mus_5; mode: 2; seed: 1;
iterations completed: 960365; time: 17.81007480621338;
low: {1: 0.0, 2: 0.0, 3: 0.007102507900641943, 4: 0.100883518245667, 5: 0.007176438125087857, 6: 0.0, 7: 0.0, 8: 0.0, 9: 0.0, 10: 0.0, 11: 0.0, 12: 0.01070946983698906, 13: 0.016045982517063826, 14: 0.0, 15: 0.0, 16: 0.04989769514715759, 17: 0.0, 18: 0.0, 19: 0.0, 20: 0.0, 21: 0.0, 22: 0.0, 23: 0.0, 24: 0.0}
up: {1: 0.36223519182810704, 2: 0.26183274067672185, 3: 0.32354885902755726, 4: 0.5995303868841534, 5: 0.324023678497238, 6: 0.262438760263025, 7: 0.3188568929521588, 8: 0.26259703341958524, 9: 0.4098556278081771, 10: 0.26374555507541403, 11: 0.26243251263842393, 12: 0.3328880165353798, 13: 0.39070145205208434, 14: 0.2623835729123823, 15: 0.32020637986598843, 16: 0.510486117257501, 17: 0.26251997938283883, 18: 0.2626501382286943, 19: 0.26295002420954533, 20: 0.2628302780713583, 21: 0.26296043691721377, 22: 0.26271053193317123, 23: 0.2629823036033175, 24: 0.2621867727374488}
conservative: {1: 0.1492786596762689, 2: 0.0, 3: 0.007102507900641943, 4: 0.2233130111988671, 5: 0.007176438125087857, 6: 0.0, 7: 0.0910560047481947, 8: 0.0, 9: 0.22404085946489094, 10: 0.0, 11: 0.0, 12: 0.02381386243771899, 13: 0.10760596231641095, 14: 0.0, 15: 0.08345681069176823, 16: 0.08315588344015036, 17: 0.0, 18: 0.0, 19: 0.0, 20: 0.0, 21: 0.0, 22: 0.0, 23: 0.0, 24: 0.0}
uniform: {1: 0.043374663543133275, 2: 0.02481220125243887, 3: 0.040998207353109495, 4: 0.1758445392087925, 5: 0.04110389500492731, 6: 0.02487222282021092, 7: 0.03678896163237264, 8: 0.024885142105337404, 9: 0.05333806661636577, 10: 0.024969425527273336, 11: 0.02484669862999141, 12: 0.046219072795055806, 13: 0.062191859991649175, 14: 0.024866515369413193, 15: 0.03539394823648544, 16: 0.11634380015587475, 17: 0.024845035267848252, 18: 0.024863922633626894, 19: 0.02494931198535292, 20: 0.02492019162457731, 21: 0.024891949679290006, 22: 0.024907137548319327, 23: 0.024922079401076675, 24: 0.024851151617104498}
exponential: {1: 0.09112308360447242, 2: 0.01592217871987298, 3: 0.02431467624732915, 4: 0.18512188836177015, 5: 0.024343685894145657, 6: 0.0159921555107807, 7: 0.06169116734028932, 8: 0.015898764695866582, 9: 0.12875362890529168, 10: 0.015938649847628664, 11: 0.015910142432995565, 12: 0.03447669110128644, 13: 0.07995430687497022, 14: 0.015987773645524644, 15: 0.05806301951948845, 16: 0.0888755429181927, 17: 0.015927871234664215, 18: 0.015964128254752998, 19: 0.016025375407469896, 20: 0.015930486843783447, 21: 0.015908200146794192, 22: 0.015969667235733353, 23: 0.016017196102940636, 24: 0.015889719154311532}
