Shapley-Shubik:
fml: ./../bench_pct/mse24-exact-unweighted/wqueens-wqueens6_4.wcsp.dir.wcnf_mus_100; mode: 2; seed: 1;
iterations completed: 960365; time: 15.579319953918457;
low: {1: 0.05064012120391726, 2: 0.017185132735991003, 3: 0.05031628599542882, 4: 0.24555871986171923, 5: 0.050783816569741715, 6: 0.0, 7: 0.05078798165280909, 8: 0.017308002686478578, 9: 0.017113285053078776, 10: 0.0, 11: 0.0, 12: 0.050719257782197394, 13: 0.05086399441878869, 14: 0.0, 15: 0.01744024407386775, 16: 0.24536400222831944, 17: 0.017167431132954658, 18: 0.0, 19: 0.050627625954715136, 20: 0.0, 21: 0.0, 22: 0.017258021689670073, 23: 0.05086607696032238, 24: 0.0}
up: {1: 0.05064012120391726, 2: 0.017185132735991003, 3: 0.05031628599542882, 4: 0.24555871986171923, 5: 0.050783816569741715, 6: 0.0, 7: 0.05078798165280909, 8: 0.017308002686478578, 9: 0.017113285053078776, 10: 0.0, 11: 0.0, 12: 0.050719257782197394, 13: 0.05086399441878869, 14: 0.0, 15: 0.01744024407386775, 16: 0.24536400222831944, 17: 0.017167431132954658, 18: 0.0, 19: 0.050627625954715136, 20: 0.0, 21: 0.0, 22: 0.017258021689670073, 23: 0.05086607696032238, 24: 0.0}
conservative: {1: 0.05064012120391726, 2: 0.017185132735991003, 3: 0.05031628599542882, 4: 0.24555871986171923, 5: 0.050783816569741715, 6: 0.0, 7: 0.05078798165280909, 8: 0.017308002686478578, 9: 0.017113285053078776, 10: 0.0, 11: 0.0, 12: 0.050719257782197394, 13: 0.05086399441878869, 14: 0.0, 15: 0.01744024407386775, 16: 0.24536400222831944, 17: 0.017167431132954658, 18: 0.0, 19: 0.050627625954715136, 20: 0.0, 21: 0.0, 22: 0.017258021689670073, 23: 0.05086607696032238, 24: 0.0}
uniform: {1: 0.05064012120391726, 2: 0.017185132735991003, 3: 0.05031628599542882, 4: 0.24555871986171923, 5: 0.050783816569741715, 6: 0.0, 7: 0.05078798165280909, 8: 0.017308002686478578, 9: 0.017113285053078776, 10: 0.0, 11: 0.0, 12: 0.050719257782197394, 13: 0.05086399441878869, 14: 0.0, 15: 0.01744024407386775, 16: 0.24536400222831944, 17: 0.017167431132954658, 18: 0.0, 19: 0.050627625954715136, 20: 0.0, 21: 0.0, 22: 0.017258021689670073, 23: 0.05086607696032238, 24: 0.0}
exponential: {1: 0.05064012120391726, 2: 0.017185132735991003, 3: 0.05031628599542882, 4: 0.24555871986171923, 5: 0.050783816569741715, 6: 0.0, 7: 0.05078798165280909, 8: 0.017308002686478578, 9: 0.017113285053078776, 10: 0.0, 11: 0.0, 12: 0.050719257782197394, 13: 0.05086399441878869, 14: 0.0, 15: 0.01744024407386775, 16: 0.24536400222831944, 17: 0.017167431132954658, 18: 0.0, 19: 0.050627625954715136, 20: 0.0, 21: 0.0, 22: 0.017258021689670073, 23: 0.05086607696032238, 24: 0.0}
