Shapley-Shubik:
fml: ./../bench_pct/mse24-exact-unweighted/wqueens-wqueens6_4.wcsp.dir.wcnf_mus_2; mode: 2; seed: 1;
iterations completed: 960365; time: 16.856390714645386;
low: {1: 0.0, 2: 0.0, 3: 0.0, 4: 0.049685275910721444, 5: 0.0, 6: 0.0, 7: 0.0, 8: 0.0, 9: 0.0, 10: 0.0, 11: 0.0, 12: 0.0, 13: 0.0, 14: 0.0, 15: 0.0, 16: 0.04989769514715759, 17: 0.0, 18: 0.0, 19: 0.0, 20: 0.0, 21: 0.0, 22: 0.0, 23: 0.0, 24: 0.0}
up: {1: 0.4662487699989067, 2: 0.3769191921821391, 3: 0.3779833709058535, 4: 0.7999562666277925, 5: 0.378313453738943, 6: 0.3779375549921124, 7: 0.4668579133975103, 8: 0.378066672567201, 9: 0.46707658025854754, 10: 0.378593555575224, 11: 0.3771920051230522, 12: 0.46677565300692964, 13: 0.46681313875453606, 14: 0.3774637767931984, 15: 0.4665538623335919, 16: 0.7998948316525488, 17: 0.37745648789783054, 18: 0.3774085894425557, 19: 0.377753250066381, 20: 0.37721283053838905, 21: 0.37815309804084907, 22: 0.3777938596262879, 23: 0.3778292628323606, 24: 0.37701811290498927}
conservative: {1: 0.12454119006835943, 2: 0.0, 3: 0.0, 4: 0.12442352647170607, 5: 0.0, 6: 0.0, 7: 0.12534817491266342, 8: 0.0, 9: 0.1251315905931599, 10: 0.0, 11: 0.0, 12: 0.12542731149094355, 13: 0.12532630822655969, 14: 0.0, 15: 0.1253335971219276, 16: 0.12446830111468035, 17: 0.0, 18: 0.0, 19: 0.0, 20: 0.0, 21: 0.0, 22: 0.0, 23: 0.0, 24: 0.0}
uniform: {1: 0.04256839458462047, 2: 0.029522809998857563, 3: 0.029606257886447402, 4: 0.1354733106609692, 5: 0.02962780884559949, 6: 0.029604911059379926, 7: 0.04259611206336033, 8: 0.029593245283280587, 9: 0.04263142510336312, 10: 0.029615719051475822, 11: 0.02951178204678849, 12: 0.04266019987754846, 13: 0.04268185804270228, 14: 0.029527134872504343, 15: 0.04262886848984005, 16: 0.13574336713467816, 17: 0.029523689942575506, 18: 0.029506532929477865, 19: 0.029583632693503628, 20: 0.029542208497233963, 21: 0.029594593532532458, 22: 0.02958642723353987, 23: 0.029578625960275735, 24: 0.029491084208118735}
exponential: {1: 0.0808258093796722, 2: 0.018159156437000893, 3: 0.018177338426047393, 4: 0.11095693503800046, 5: 0.01816473318445952, 6: 0.018246236742487227, 7: 0.08124653529242766, 8: 0.018127648209670447, 9: 0.08113235931357544, 10: 0.018150841350900827, 11: 0.018150624000728057, 12: 0.08129082459560845, 13: 0.08129583865615743, 14: 0.01815878310304853, 15: 0.08121674124554822, 16: 0.11133773349796194, 17: 0.018151788074064916, 18: 0.018247097087582955, 19: 0.01818904376405433, 20: 0.01808125550132549, 21: 0.018183525343547797, 22: 0.018198755115970626, 23: 0.018230876296648584, 24: 0.01807952034323963}
