Shapley-Shubik:
fml: ./../bench_pct/mse24-exact-unweighted/wqueens-wqueens6_4.wcsp.dir.wcnf_mus_1; mode: 2; seed: 1;
iterations completed: 960365; time: 14.831881999969482;
low: {1: 0.0, 2: 0.0, 3: 0.0, 4: 0.0, 5: 0.0, 6: 0.0, 7: 0.0, 8: 0.0, 9: 0.0, 10: 0.0, 11: 0.0, 12: 0.0, 13: 0.0, 14: 0.0, 15: 0.0, 16: 0.0, 17: 0.0, 18: 0.0, 19: 0.0, 20: 0.0, 21: 0.0, 22: 0.0, 23: 0.0, 24: 0.0}
up: {1: 0.799500190031915, 2: 0.7993210914600178, 3: 0.7998896252987145, 4: 1.0, 5: 0.7998885840279477, 6: 0.7996418028562057, 7: 1.0, 8: 0.8001280763043218, 9: 1.0, 10: 0.8004394162636082, 11: 0.7996855362284132, 12: 1.0, 13: 0.8002925970854832, 14: 0.7999052443602173, 15: 0.7999875047507978, 16: 0.7998948316525488, 17: 0.7995564186533245, 18: 0.7999281523170878, 19: 0.7995834916932625, 20: 0.7999562666277925, 21: 0.7999854222092642, 22: 0.7997542600990248, 23: 0.7996542981054079, 24: 0.8000978794520833}
conservative: {1: 0.0, 2: 0.0, 3: 0.0, 4: 0.24918025958880216, 5: 0.0, 6: 0.0, 7: 0.25006533974061945, 8: 0.0, 9: 0.25023819068791553, 10: 0.0, 11: 0.0, 12: 0.25051620998266283, 13: 0.0, 14: 0.0, 15: 0.0, 16: 0.0, 17: 0.0, 18: 0.0, 19: 0.0, 20: 0.0, 21: 0.0, 22: 0.0, 23: 0.0, 24: 0.0}
uniform: {1: 0.03948614984470154, 2: 0.03948296746055512, 3: 0.03952455000710612, 4: 0.052423883415664015, 5: 0.03951941524384938, 6: 0.03951330499859496, 7: 0.052423883415664015, 8: 0.039528303261386594, 9: 0.052423883415664015, 10: 0.03954994058256107, 11: 0.03949767024712228, 12: 0.052423883415664015, 13: 0.039542481490673846, 14: 0.0395234739935059, 15: 0.039524159543136365, 16: 0.03952555752245739, 17: 0.03950220495534926, 18: 0.039527010547053626, 19: 0.039489422936024816, 20: 0.039516723946057465, 21: 0.039512162958101914, 22: 0.03951096137610632, 23: 0.039498460295509324, 24: 0.03952954512652984}
exponential: {1: 0.020760343904994708, 2: 0.02083665512406146, 3: 0.020916496725816094, 4: 0.14539212796481488, 5: 0.020796669601883904, 6: 0.020943262685765726, 7: 0.14592175001109164, 8: 0.020783594762344038, 9: 0.1459193248732168, 10: 0.020805180981215865, 11: 0.020844885403096747, 12: 0.14612250285335468, 13: 0.020862696807448417, 14: 0.020731824030233846, 15: 0.02086844553831614, 16: 0.020914071180178892, 17: 0.02086422979381407, 18: 0.02092383091640947, 19: 0.020850204861088493, 20: 0.020746564079374422, 21: 0.02083078764735928, 22: 0.020840268053366362, 23: 0.02077810913479371, 24: 0.020746173065677328}
