Shapley-Shubik:
fml: ./../bench_pct/mse24-exact-unweighted/wqueens-wqueens6_4.wcsp.dir.wcnf_mus_20; mode: 2; seed: 1;
iterations completed: 960365; time: 17.365663051605225;
low: {1: 0.02994278217136193, 2: 0.005782176568283934, 3: 0.012139134599865676, 4: 0.15992565326724734, 5: 0.007176438125087857, 6: 0.0, 7: 0.035526076023178685, 8: 0.005415649258354896, 9: 0.010494968059019227, 10: 0.0, 11: 0.0, 12: 0.04426025521546496, 13: 0.021624070015046362, 14: 0.0, 15: 0.007751219588385666, 16: 0.166043119022455, 17: 0.004392080094547386, 18: 0.0, 19: 0.016852967361367814, 20: 0.0, 21: 0.0, 22: 0.006578748704919484, 23: 0.014522603385171263, 24: 0.0}
up: {1: 0.14725859438859185, 2: 0.09854586537410255, 3: 0.12385082754994195, 4: 0.30329614261244425, 5: 0.11740536150317848, 6: 0.08261129882909102, 7: 0.16543814070691873, 8: 0.0987249639459997, 9: 0.12903843851035804, 10: 0.08289764828997308, 11: 0.0824967590447382, 12: 0.20880810941673217, 13: 0.14531141805459383, 14: 0.08282996569012824, 15: 0.11059440941725282, 16: 0.3126831985755416, 17: 0.09595310116466135, 18: 0.08267065126280113, 19: 0.12360821146126733, 20: 0.08284766729316458, 21: 0.08248113998323554, 22: 0.10530996027552024, 23: 0.12091548525820912, 24: 0.08246135583866551}
conservative: {1: 0.06824384478817949, 2: 0.011226981408110457, 3: 0.020137135359993334, 4: 0.17554367349913835, 5: 0.007176438125087857, 6: 0.0, 7: 0.10215282731044967, 8: 0.010710511107755906, 9: 0.0689800232203381, 10: 0.0, 11: 0.0, 12: 0.187616166769926, 13: 0.05957943073727177, 14: 0.0, 15: 0.03321549619155217, 16: 0.19082640454410563, 17: 0.004622200934019878, 18: 0.0, 19: 0.021162787065334535, 20: 0.0, 21: 0.0, 22: 0.023200553956047962, 23: 0.015605524982688874, 24: 0.0}
uniform: {1: 0.05274001106244012, 2: 0.02066778040514781, 3: 0.032500659949434046, 4: 0.1914723005473209, 5: 0.02698901566803543, 6: 0.011657728812309146, 7: 0.06243670100705798, 8: 0.020427859027281656, 9: 0.03433506288878321, 10: 0.01170947793663751, 11: 0.011654263467507526, 12: 0.08371932066188607, 13: 0.045856447452665976, 14: 0.011719878071709069, 15: 0.025897491849141394, 16: 0.1984647053319158, 17: 0.01851889217130407, 18: 0.011670417766629904, 19: 0.03589129146651185, 20: 0.011699779457884278, 21: 0.011635176309606761, 22: 0.02337003474243054, 23: 0.03332627194694757, 24: 0.011639431999643313}
exponential: {1: 0.058712935226007484, 2: 0.017319113557924894, 3: 0.026417612424481225, 4: 0.18111168426550597, 5: 0.017586955916178763, 6: 0.008231001455656202, 7: 0.07833600030530184, 8: 0.016915426543554667, 9: 0.04861215664743049, 10: 0.008241181239933401, 11: 0.008244032110718244, 12: 0.12534731791026668, 13: 0.05089116072089368, 14: 0.008291938504901503, 15: 0.029341746561423673, 16: 0.19199558015094012, 17: 0.013428949787136175, 18: 0.008258751468217087, 19: 0.029089074276701727, 20: 0.008229576763058985, 21: 0.00817787420876834, 22: 0.023800991210518194, 23: 0.025255323275598776, 24: 0.008163615469272216}
