Shapley-Shubik:
fml: ./../bench_pct/mse24-exact-unweighted/wqueens-wqueens6_4.wcsp.dir.wcnf_mus_50; mode: 2; seed: 1;
iterations completed: 960365; time: 16.480122327804565;
low: {1: 0.03227522868909217, 2: 0.011879858178921556, 3: 0.026745039646384448, 4: 0.20290514543949437, 5: 0.023547297121406966, 6: 0.0, 7: 0.05078798165280909, 8: 0.012108937747627203, 9: 0.013367834104741426, 10: 0.0, 11: 0.0, 12: 0.050719257782197394, 13: 0.0386509295944771, 14: 0.0, 15: 0.013030462376284017, 16: 0.2130606592285225, 17: 0.011195743285105142, 18: 0.0, 19: 0.03293435308450433, 20: 0.0, 21: 0.0, 22: 0.012143299682933052, 23: 0.029231594237607576, 24: 0.0}
up: {1: 0.08137635169961421, 2: 0.05047039406892171, 3: 0.07965721366355501, 4: 0.2664611892353428, 5: 0.0750985302463126, 6: 0.034195331983152236, 7: 0.11619748741363961, 8: 0.05462089934556132, 9: 0.055125915667480596, 10: 0.03447439254866639, 11: 0.03399540799591822, 12: 0.11589968397432227, 13: 0.09770972494832694, 14: 0.0339048174392028, 15: 0.05224263691408996, 16: 0.2734366621024298, 17: 0.0497008949722241, 18: 0.034134938278675295, 19: 0.08371608711271235, 20: 0.034105782697203664, 21: 0.034210951044654894, 22: 0.05085149916958656, 23: 0.07759133246213679, 24: 0.03393293174990759}
conservative: {1: 0.0377273224242866, 2: 0.013602120027281294, 3: 0.03286354667235895, 4: 0.2067880441290551, 5: 0.023547297121406966, 6: 0.0, 7: 0.11619748741363961, 8: 0.021131548942329218, 9: 0.023782624314713677, 10: 0.0, 11: 0.0, 12: 0.11589968397432227, 13: 0.07064293263498773, 14: 0.0, 15: 0.017850504756004228, 16: 0.22393152603437236, 17: 0.011195743285105142, 18: 0.0, 19: 0.04153837343093511, 20: 0.0, 21: 0.0, 22: 0.014069650601594185, 23: 0.029231594237607576, 24: 0.0}
uniform: {1: 0.042922533790781515, 2: 0.01886172654694647, 3: 0.03856364666270481, 4: 0.2186615571451048, 5: 0.03478421027113111, 6: 0.005475288858157699, 7: 0.06929858238582567, 8: 0.020386433428755936, 9: 0.02173502408938866, 10: 0.005509608768574826, 11: 0.005414933953429891, 12: 0.06912105354041918, 13: 0.05311403853703725, 14: 0.005415393638187773, 15: 0.020359263119528757, 16: 0.2280154844359741, 17: 0.0179730021690895, 18: 0.005441197056274508, 19: 0.04410929256590566, 20: 0.0054439162081881135, 21: 0.005468213177245045, 22: 0.019136220153237897, 23: 0.039388748045512505, 24: 0.005400631452736673}
exponential: {1: 0.040385148674808406, 2: 0.017124616124429518, 3: 0.03556847166236718, 4: 0.2121704086305353, 5: 0.029366624535490517, 6: 0.0039974954463428075, 7: 0.087456930015027, 8: 0.02099589206312223, 9: 0.022848838549921358, 10: 0.004005707415149232, 11: 0.003949182461800697, 12: 0.08723550486828989, 13: 0.059846860366448575, 14: 0.003924836962456398, 15: 0.01965289079450333, 16: 0.22510813561941811, 17: 0.01560146949687646, 18: 0.0039794841055021376, 19: 0.042712744978190505, 20: 0.003956593965932003, 21: 0.003971673685840725, 22: 0.01747354356713054, 23: 0.03475803234414791, 24: 0.003908913666473833}
