Shapley-Shubik:
fml: ./../bench_pct/mse24-exact-unweighted/wqueens-wqueens6_4.wcsp.dir.wcnf_mus_10; mode: 2; seed: 1;
iterations completed: 960365; time: 18.291152238845825;
low: {1: 0.0, 2: 0.003091532906759409, 3: 0.012139134599865676, 4: 0.13153644708001644, 5: 0.007176438125087857, 6: 0.0, 7: 0.0, 8: 0.0019752906447027953, 9: 0.007651257594768656, 10: 0.0, 11: 0.0, 12: 0.024492770977701188, 13: 0.020009059055671543, 14: 0.0, 15: 0.005156372837410776, 16: 0.11843830210388759, 17: 0.0019888271646717652, 18: 0.0, 19: 0.0, 20: 0.0, 21: 0.0, 22: 0.0036048793948134303, 23: 0.0, 24: 0.0}
up: {1: 0.22610465812477548, 2: 0.18785461777553325, 3: 0.22040265940553852, 4: 0.42080458992154024, 5: 0.21373332014390362, 6: 0.16598584913027858, 7: 0.3011698677065491, 8: 0.18504631051735537, 9: 0.23469722449277097, 10: 0.16724058040432543, 11: 0.166389862187814, 12: 0.25758956230183316, 13: 0.2502163240018118, 14: 0.16608581112389562, 15: 0.21190797248962634, 16: 0.41014926616442704, 17: 0.1849067802345983, 18: 0.1662805287572954, 19: 0.16665955131642657, 20: 0.16668558308559767, 21: 0.16660228142425015, 22: 0.1924143424635425, 23: 0.1664065225200835, 24: 0.1664044399785498}
conservative: {1: 0.09542205307357099, 2: 0.009086128711479489, 3: 0.02205203230021919, 4: 0.16812982563921008, 5: 0.007176438125087857, 6: 0.0, 7: 0.23028744279518726, 8: 0.0019752906447027953, 9: 0.09094979512997663, 10: 0.0, 11: 0.0, 12: 0.09057181384161231, 13: 0.07181436224768707, 14: 0.0, 15: 0.049654037787716127, 16: 0.1438911247286188, 17: 0.0019888271646717652, 18: 0.0, 19: 0.0, 20: 0.0, 21: 0.0, 22: 0.01700082781025964, 23: 0.0, 24: 0.0}
uniform: {1: 0.03154741290103871, 2: 0.026323104920406955, 3: 0.04113554405819125, 4: 0.18316352402221028, 5: 0.03524053580008795, 6: 0.01892273729624986, 7: 0.05271023569066493, 8: 0.024308333059323284, 9: 0.0426686134945045, 10: 0.0190611875007033, 11: 0.018941727634062752, 12: 0.06150516856575406, 13: 0.05490198227374224, 14: 0.018933366450222273, 15: 0.034142856739055934, 16: 0.17042502606995996, 17: 0.02423831064436742, 18: 0.018956065088143712, 19: 0.018993856045553148, 20: 0.01901890111139763, 21: 0.018972198394370535, 22: 0.02797626544199397, 23: 0.01894647272135427, 24: 0.0189665740769671}
exponential: {1: 0.060625338246791005, 2: 0.019460678345454886, 3: 0.031548838544165826, 4: 0.16910792214362574, 5: 0.021689244273173643, 6: 0.012653850622071939, 7: 0.12834969845057506, 8: 0.015296976436958591, 9: 0.06302321593659349, 10: 0.012703552239642795, 11: 0.01265694669213157, 12: 0.07218904592936726, 13: 0.06080665320997723, 14: 0.01268383770060022, 15: 0.04093683049541492, 16: 0.1510835801353735, 17: 0.015338272140282508, 18: 0.01274120394256739, 19: 0.012700338605094988, 20: 0.012725214159185191, 21: 0.012700453246235352, 22: 0.023632921557652804, 23: 0.012706617437624405, 24: 0.012638769509762506}
